{"producer":{"name":"Blender","version":"2.78 (sub 0)","exporter_version":"5.1.0","file":"block_character03.babylon"},
"autoClear":true,"clearColor":[0.0509,0.0509,0.0509],"ambientColor":[0,0,0],"gravity":[0,-9.81,0],
"materials":[{"name":"block_character03.Material.001","id":"block_character03.Material.001","ambient":[0.8,0.8,0.8],"diffuse":[0.64,0.64,0.64],"specular":[0.5,0.5,0.5],"emissive":[0,0,0],"specularPower":50,"alpha":1,"backFaceCulling":true,"checkReadyOnlyOnce":false,"maxSimultaneousLights":4}],
"multiMaterials":[],
"skeletons":[{"name":"metarig","id":0,"dimensionsAtRest":[1.5776,1.9395,0.6871],"bones":[
{"name":"root","index":0,"matrix":[0,1,0,0,0,0,-1,0,1,0,0,0,0,0,0,1],"rest":[0,1,0,0,0,0,-1,0,1,0,0,0,0,0,0,1],"parentBoneIndex":-1,"length":0.04
,"animation":{"dataType":3,"framePerSecond":24,"keys":[
{"frame":0,"values":[0,1,0,0,0,0,-1,0,1,0,0,0,0,0,0,1]},
{"frame":10,"values":[0,1,0,0,0,0,-1,0,1,0,0,0,0,0,0,1]},
{"frame":20,"values":[0,1,0,0,0,0,-1,0,1,0,0,0,0,0,0,1]},
{"frame":21,"values":[0,1,0,0,0,0,-1,0,1,0,0,0,0,0,0,1]},
{"frame":30,"values":[0,1,0,0,0,0,-1,0,1,0,0,0,0,0,0,1]},
{"frame":40,"values":[0,1,0,0,0,0,-1,0,1,0,0,0,0,0,0,1]},
{"frame":50,"values":[0,1,0,0,0,0,-1,0,1,0,0,0,0,0,0,1]},
{"frame":60,"values":[0,1,0,0,0,0,-1,0,1,0,0,0,0,0,0,1]}],"loopBehavior":1,"name":"anim","property":"_matrix"}},
{"name":"hand.L.ik","index":1,"matrix":[-0.5591,-0.8291,0.0001,0,-0.8269,0.5576,-0.0731,0,0.0605,-0.041,-0.9973,0,1.0561,0.0576,0.2153,1],"rest":[-0.0535,-0.995,0.0846,0,-0.5938,0.0998,0.7984,0,-0.8028,-0.0075,-0.5962,0,1.3061,-0.0492,0.6594,1],"parentBoneIndex":0,"length":0.0802
,"animation":{"dataType":3,"framePerSecond":24,"keys":[
{"frame":0,"values":[-0.5591,-0.8291,0.0001,0,-0.8269,0.5576,-0.0731,0,0.0605,-0.041,-0.9973,0,1.0561,0.0576,0.2153,1]},
{"frame":10,"values":[-0.5591,-0.8291,0.0001,0,-0.8269,0.5576,-0.0731,0,0.0605,-0.041,-0.9973,0,1.0561,0.0576,0.2153,1]},
{"frame":20,"values":[-0.0535,-0.995,0.0846,0,-0.5938,0.0998,0.7984,0,-0.8028,-0.0075,-0.5962,0,1.3061,-0.0492,0.6594,1]},
{"frame":21,"values":[-0.0535,-0.995,0.0846,0,-0.5938,0.0998,0.7984,0,-0.8028,-0.0075,-0.5962,0,1.3061,-0.0492,0.6594,1]},
{"frame":30,"values":[-0.5591,-0.8291,0.0001,0,-0.8269,0.5576,-0.0731,0,0.0605,-0.041,-0.9973,0,1.0561,0.0576,0.2153,1]},
{"frame":31,"values":[-0.5591,-0.8291,0.0001,0,-0.8269,0.5576,-0.0731,0,0.0605,-0.041,-0.9973,0,1.0521,0.0254,0.2282,1]},
{"frame":32,"values":[-0.5591,-0.8291,0.0001,0,-0.8269,0.5576,-0.0731,0,0.0605,-0.041,-0.9973,0,1.0409,-0.0654,0.2644,1]},
{"frame":33,"values":[-0.5591,-0.8291,0.0001,0,-0.8269,0.5576,-0.0731,0,0.0605,-0.041,-0.9973,0,1.0266,-0.182,0.3109,1]},
{"frame":34,"values":[-0.5591,-0.8291,0.0001,0,-0.8269,0.5576,-0.0731,0,0.0605,-0.041,-0.9973,0,1.0154,-0.2727,0.3472,1]},
{"frame":35,"values":[-0.5591,-0.8291,0.0001,0,-0.8269,0.5576,-0.0731,0,0.0605,-0.041,-0.9973,0,1.0114,-0.305,0.36,1]},
{"frame":36,"values":[-0.5591,-0.8291,0.0001,0,-0.8269,0.5576,-0.0731,0,0.0605,-0.041,-0.9973,0,1.0154,-0.2727,0.3472,1]},
{"frame":37,"values":[-0.5591,-0.8291,0.0001,0,-0.8269,0.5576,-0.0731,0,0.0605,-0.041,-0.9973,0,1.0266,-0.182,0.3109,1]},
{"frame":38,"values":[-0.5591,-0.8291,0.0001,0,-0.8269,0.5576,-0.0731,0,0.0605,-0.041,-0.9973,0,1.0409,-0.0654,0.2644,1]},
{"frame":39,"values":[-0.5591,-0.8291,0.0001,0,-0.8269,0.5576,-0.0731,0,0.0605,-0.041,-0.9973,0,1.0521,0.0254,0.2282,1]},
{"frame":40,"values":[-0.5591,-0.8291,0.0001,0,-0.8269,0.5576,-0.0731,0,0.0605,-0.041,-0.9973,0,1.0561,0.0576,0.2153,1]},
{"frame":50,"values":[-0.5591,-0.8291,0.0001,0,-0.8269,0.5576,-0.0731,0,0.0605,-0.041,-0.9973,0,1.0561,0.0576,0.2153,1]},
{"frame":60,"values":[-0.5591,-0.8291,0.0001,0,-0.8269,0.5576,-0.0731,0,0.0605,-0.041,-0.9973,0,1.0561,0.0576,0.2153,1]}],"loopBehavior":1,"name":"anim","property":"_matrix"}},
{"name":"hand.R.ik","index":2,"matrix":[0.5591,0.8291,0.0008,0,-0.8273,0.5578,0.0668,0,0.055,-0.038,0.9978,0,1.0578,0.0496,-0.2004,1],"rest":[0.0535,0.995,0.0846,0,-0.5938,0.0998,-0.7984,0,-0.8028,-0.0075,0.5962,0,1.3061,-0.0492,-0.6594,1],"parentBoneIndex":0,"length":0.0802
,"animation":{"dataType":3,"framePerSecond":24,"keys":[
{"frame":0,"values":[0.5591,0.8291,0.0008,0,-0.8273,0.5578,0.0668,0,0.055,-0.038,0.9978,0,1.0578,0.0496,-0.2004,1]},
{"frame":1,"values":[0.6251,0.7805,0.0008,0,-0.7788,0.6237,0.0668,0,0.0517,-0.0424,0.9978,0,1.0981,0.0915,-0.2004,1]},
{"frame":2,"values":[0.7911,0.6117,0.0008,0,-0.6104,0.7893,0.0668,0,0.0403,-0.0533,0.9978,0,1.2114,0.2093,-0.2004,1]},
{"frame":3,"values":[0.9401,0.3409,0.0008,0,-0.3402,0.938,0.0668,0,0.0221,-0.0631,0.9978,0,1.3569,0.3606,-0.2004,1]},
{"frame":4,"values":[0.9939,0.1103,0.0008,0,-0.1101,0.9917,0.0668,0,0.0066,-0.0665,0.9978,0,1.4703,0.4785,-0.2004,1]},
{"frame":5,"values":[0.9996,0.0286,0.0008,0,-0.0286,0.9974,0.0668,0,0.0011,-0.0668,0.9978,0,1.5105,0.5203,-0.2004,1]},
{"frame":6,"values":[0.9939,0.1103,0.0008,0,-0.1101,0.9917,0.0668,0,0.0066,-0.0665,0.9978,0,1.4703,0.4785,-0.2004,1]},
{"frame":7,"values":[0.9401,0.3409,0.0008,0,-0.3402,0.938,0.0668,0,0.0221,-0.0631,0.9978,0,1.3569,0.3606,-0.2004,1]},
{"frame":8,"values":[0.7911,0.6117,0.0008,0,-0.6104,0.7893,0.0668,0,0.0403,-0.0533,0.9978,0,1.2114,0.2093,-0.2004,1]},
{"frame":9,"values":[0.6251,0.7805,0.0008,0,-0.7788,0.6237,0.0668,0,0.0517,-0.0424,0.9978,0,1.0981,0.0915,-0.2004,1]},
{"frame":10,"values":[0.5591,0.8291,0.0008,0,-0.8273,0.5578,0.0668,0,0.055,-0.038,0.9978,0,1.0578,0.0496,-0.2004,1]},
{"frame":20,"values":[0.0535,0.995,0.0846,0,-0.5938,0.0998,-0.7984,0,-0.8028,-0.0075,0.5962,0,1.3061,-0.0492,-0.6594,1]},
{"frame":21,"values":[0.0535,0.995,0.0846,0,-0.5938,0.0998,-0.7984,0,-0.8028,-0.0075,0.5962,0,1.3061,-0.0492,-0.6594,1]},
{"frame":30,"values":[0.5591,0.8291,0.0008,0,-0.8273,0.5578,0.0668,0,0.055,-0.038,0.9978,0,1.0578,0.0496,-0.2004,1]},
{"frame":31,"values":[0.5591,0.8291,0.0008,0,-0.8273,0.5578,0.0668,0,0.055,-0.038,0.9978,0,1.0578,0.0344,-0.2108,1]},
{"frame":32,"values":[0.5591,0.8291,0.0008,0,-0.8273,0.5578,0.0668,0,0.055,-0.038,0.9978,0,1.0578,-0.0085,-0.2404,1]},
{"frame":33,"values":[0.5591,0.8291,0.0008,0,-0.8273,0.5578,0.0668,0,0.055,-0.038,0.9978,0,1.0578,-0.0637,-0.2783,1]},
{"frame":34,"values":[0.5591,0.8291,0.0008,0,-0.8273,0.5578,0.0668,0,0.055,-0.038,0.9978,0,1.0578,-0.1066,-0.3078,1]},
{"frame":35,"values":[0.5591,0.8291,0.0008,0,-0.8273,0.5578,0.0668,0,0.055,-0.038,0.9978,0,1.0578,-0.1218,-0.3182,1]},
{"frame":36,"values":[0.5591,0.8291,0.0008,0,-0.8273,0.5578,0.0668,0,0.055,-0.038,0.9978,0,1.0578,-0.1066,-0.3078,1]},
{"frame":37,"values":[0.5591,0.8291,0.0008,0,-0.8273,0.5578,0.0668,0,0.055,-0.038,0.9978,0,1.0578,-0.0637,-0.2783,1]},
{"frame":38,"values":[0.5591,0.8291,0.0008,0,-0.8273,0.5578,0.0668,0,0.055,-0.038,0.9978,0,1.0578,-0.0085,-0.2404,1]},
{"frame":39,"values":[0.5591,0.8291,0.0008,0,-0.8273,0.5578,0.0668,0,0.055,-0.038,0.9978,0,1.0578,0.0344,-0.2108,1]},
{"frame":40,"values":[0.5591,0.8291,0.0008,0,-0.8273,0.5578,0.0668,0,0.055,-0.038,0.9978,0,1.0578,0.0496,-0.2004,1]},
{"frame":50,"values":[0.5591,0.8291,0.0008,0,-0.8273,0.5578,0.0668,0,0.055,-0.038,0.9978,0,1.0578,0.0496,-0.2004,1]},
{"frame":60,"values":[0.5591,0.8291,0.0008,0,-0.8273,0.5578,0.0668,0,0.055,-0.038,0.9978,0,1.0578,0.0496,-0.2004,1]}],"loopBehavior":1,"name":"anim","property":"_matrix"}},
{"name":"hips","index":3,"matrix":[0,0,1,0,0.9769,0.2136,0,0,-0.2136,0.9769,0,0,0.9733,-0.0552,0,1],"rest":[0,0,1,0,0.9769,0.2136,0,0,-0.2136,0.9769,0,0,1.0099,-0.0552,0,1],"parentBoneIndex":0,"length":0.1779
,"animation":{"dataType":3,"framePerSecond":24,"keys":[
{"frame":0,"values":[0,0,1,0,0.9769,0.2136,0,0,-0.2136,0.9769,0,0,0.9733,-0.0552,0,1]},
{"frame":1,"values":[0,0,1,0,0.9769,0.2136,0,0,-0.2136,0.9769,0,0,0.9721,-0.0552,0,1]},
{"frame":2,"values":[0,0,1,0,0.9769,0.2136,0,0,-0.2136,0.9769,0,0,0.9685,-0.0552,0,1]},
{"frame":3,"values":[0,0,1,0,0.9769,0.2136,0,0,-0.2136,0.9769,0,0,0.9639,-0.0552,0,1]},
{"frame":4,"values":[0,0,1,0,0.9769,0.2136,0,0,-0.2136,0.9769,0,0,0.9603,-0.0552,0,1]},
{"frame":5,"values":[0,0,1,0,0.9769,0.2136,0,0,-0.2136,0.9769,0,0,0.9591,-0.0552,0,1]},
{"frame":6,"values":[0,0,1,0,0.9769,0.2136,0,0,-0.2136,0.9769,0,0,0.9603,-0.0552,0,1]},
{"frame":7,"values":[0,0,1,0,0.9769,0.2136,0,0,-0.2136,0.9769,0,0,0.9639,-0.0552,0,1]},
{"frame":8,"values":[0,0,1,0,0.9769,0.2136,0,0,-0.2136,0.9769,0,0,0.9685,-0.0552,0,1]},
{"frame":9,"values":[0,0,1,0,0.9769,0.2136,0,0,-0.2136,0.9769,0,0,0.9721,-0.0552,0,1]},
{"frame":10,"values":[0,0,1,0,0.9769,0.2136,0,0,-0.2136,0.9769,0,0,0.9733,-0.0552,0,1]},
{"frame":20,"values":[0,0,1,0,0.9769,0.2136,0,0,-0.2136,0.9769,0,0,1.0099,-0.0552,0,1]},
{"frame":21,"values":[0,0,1,0,0.9769,0.2136,0,0,-0.2136,0.9769,0,0,1.0099,-0.0552,0,1]},
{"frame":30,"values":[0,0,1,0,0.9769,0.2136,0,0,-0.2136,0.9769,0,0,0.9733,-0.0552,0,1]},
{"frame":31,"values":[0,0,1,0,0.9822,0.1877,0,0,-0.1877,0.9822,0,0,0.9702,-0.0638,0,1]},
{"frame":32,"values":[0,0,1,0,0.9935,0.114,0,0,-0.114,0.9935,0,0,0.9612,-0.0879,0,1]},
{"frame":33,"values":[0,0,1,0,0.9998,0.0184,0,0,-0.0184,0.9998,0,0,0.9497,-0.1189,0,1]},
{"frame":34,"values":[0,0,1,0,0.9984,-0.0561,0,0,0.0561,0.9984,0,0,0.9408,-0.1431,0,1]},
{"frame":35,"values":[0,0,1,0,0.9966,-0.0825,0,0,0.0825,0.9966,0,0,0.9376,-0.1517,0,1]},
{"frame":36,"values":[0,0,1,0,0.9984,-0.0561,0,0,0.0561,0.9984,0,0,0.9408,-0.1431,0,1]},
{"frame":37,"values":[0,0,1,0,0.9998,0.0184,0,0,-0.0184,0.9998,0,0,0.9497,-0.1189,0,1]},
{"frame":38,"values":[0,0,1,0,0.9935,0.114,0,0,-0.114,0.9935,0,0,0.9612,-0.0879,0,1]},
{"frame":39,"values":[0,0,1,0,0.9822,0.1877,0,0,-0.1877,0.9822,0,0,0.9702,-0.0638,0,1]},
{"frame":40,"values":[0,0,1,0,0.9769,0.2136,0,0,-0.2136,0.9769,0,0,0.9733,-0.0552,0,1]},
{"frame":50,"values":[0,0,1,0,0.9769,0.2136,0,0,-0.2136,0.9769,0,0,0.9733,-0.0552,0,1]},
{"frame":51,"values":[0,0,1,0,0.9769,0.2136,0,0,-0.2136,0.9769,0,0,0.9721,-0.0552,0,1]},
{"frame":52,"values":[0,0,1,0,0.9769,0.2136,0,0,-0.2136,0.9769,0,0,0.9685,-0.0552,0,1]},
{"frame":53,"values":[0,0,1,0,0.9769,0.2136,0,0,-0.2136,0.9769,0,0,0.9639,-0.0552,0,1]},
{"frame":54,"values":[0,0,1,0,0.9769,0.2136,0,0,-0.2136,0.9769,0,0,0.9603,-0.0552,0,1]},
{"frame":55,"values":[0,0,1,0,0.9769,0.2136,0,0,-0.2136,0.9769,0,0,0.9591,-0.0552,0,1]},
{"frame":56,"values":[0,0,1,0,0.9769,0.2136,0,0,-0.2136,0.9769,0,0,0.9603,-0.0552,0,1]},
{"frame":57,"values":[0,0,1,0,0.9769,0.2136,0,0,-0.2136,0.9769,0,0,0.9639,-0.0552,0,1]},
{"frame":58,"values":[0,0,1,0,0.9769,0.2136,0,0,-0.2136,0.9769,0,0,0.9685,-0.0552,0,1]},
{"frame":59,"values":[0,0,1,0,0.9769,0.2136,0,0,-0.2136,0.9769,0,0,0.9721,-0.0552,0,1]},
{"frame":60,"values":[0,0,1,0,0.9769,0.2136,0,0,-0.2136,0.9769,0,0,0.9733,-0.0552,0,1]}],"loopBehavior":1,"name":"anim","property":"_matrix"}},
{"name":"spine","index":4,"matrix":[1,0,0,0,0,0.994,-0.1092,0,0,0.1092,0.994,0,0,0.1779,0,1],"rest":[1,0,0,0,0,0.994,-0.1092,0,0,0.1092,0.994,0,0,0.1779,0,1],"parentBoneIndex":3,"length":0.159
,"animation":{"dataType":3,"framePerSecond":24,"keys":[
{"frame":0,"values":[1,0,0,0,0,0.994,-0.1092,0,0,0.1092,0.994,0,0,0.1779,0,1]},
{"frame":10,"values":[1,0,0,0,0,0.994,-0.1092,0,0,0.1092,0.994,0,0,0.1779,0,1]},
{"frame":20,"values":[1,0,0,0,0,0.994,-0.1092,0,0,0.1092,0.994,0,0,0.1779,0,1]},
{"frame":21,"values":[1,0,0,0,0,0.994,-0.1092,0,0,0.1092,0.994,0,0,0.1779,0,1]},
{"frame":30,"values":[1,0,0,0,0,0.994,-0.1092,0,0,0.1092,0.994,0,0,0.1779,0,1]},
{"frame":40,"values":[1,0,0,0,0,0.994,-0.1092,0,0,0.1092,0.994,0,0,0.1779,0,1]},
{"frame":50,"values":[1,0,0,0,0,0.994,-0.1092,0,0,0.1092,0.994,0,0,0.1779,0,1]},
{"frame":60,"values":[1,0,0,0,0,0.994,-0.1092,0,0,0.1092,0.994,0,0,0.1779,0,1]}],"loopBehavior":1,"name":"anim","property":"_matrix"}},
{"name":"spine1","index":5,"matrix":[1,0,0,0,0,0.9901,-0.1402,0,0,0.1402,0.9901,0,0,0.159,0,1],"rest":[1,0,0,0,0,0.9901,-0.1402,0,0,0.1402,0.9901,0,0,0.159,0,1],"parentBoneIndex":4,"length":0.1583
,"animation":{"dataType":3,"framePerSecond":24,"keys":[
{"frame":0,"values":[1,0,0,0,0,0.9901,-0.1402,0,0,0.1402,0.9901,0,0,0.159,0,1]},
{"frame":10,"values":[1,0,0,0,0,0.9901,-0.1402,0,0,0.1402,0.9901,0,0,0.159,0,1]},
{"frame":20,"values":[1,0,0,0,0,0.9901,-0.1402,0,0,0.1402,0.9901,0,0,0.159,0,1]},
{"frame":21,"values":[1,0,0,0,0,0.9901,-0.1402,0,0,0.1402,0.9901,0,0,0.159,0,1]},
{"frame":30,"values":[1,0,0,0,0,0.9901,-0.1402,0,0,0.1402,0.9901,0,0,0.159,0,1]},
{"frame":40,"values":[1,0,0,0,0,0.9901,-0.1402,0,0,0.1402,0.9901,0,0,0.159,0,1]},
{"frame":50,"values":[1,0,0,0,0,0.9901,-0.1402,0,0,0.1402,0.9901,0,0,0.159,0,1]},
{"frame":60,"values":[1,0,0,0,0,0.9901,-0.1402,0,0,0.1402,0.9901,0,0,0.159,0,1]}],"loopBehavior":1,"name":"anim","property":"_matrix"}},
{"name":"chest","index":6,"matrix":[1,0,0,0,0,1,0,0,0,0,1,0,0,0.1583,0,1],"rest":[1,0,0,0,0,1,0,0,0,0,1,0,0,0.1583,0,1],"parentBoneIndex":5,"length":0.1583
,"animation":{"dataType":3,"framePerSecond":24,"keys":[
{"frame":0,"values":[1,0,0,0,0,1,0,0,0,0,1,0,0,0.1583,0,1]},
{"frame":10,"values":[1,0,0,0,0,1,0,0,0,0,1,0,0,0.1583,0,1]},
{"frame":20,"values":[1,0,0,0,0,1,0,0,0,0,1,0,0,0.1583,0,1]},
{"frame":21,"values":[1,0,0,0,0,1,0,0,0,0,1,0,0,0.1583,0,1]},
{"frame":30,"values":[1,0,0,0,0,1,0,0,0,0,1,0,0,0.1583,0,1]},
{"frame":40,"values":[1,0,0,0,0,1,0,0,0,0,1,0,0,0.1583,0,1]},
{"frame":50,"values":[1,0,0,0,0,1,0,0,0,0,1,0,0,0.1583,0,1]},
{"frame":60,"values":[1,0,0,0,0,1,0,0,0,0,1,0,0,0.1583,0,1]}],"loopBehavior":1,"name":"anim","property":"_matrix"}},
{"name":"neck","index":7,"matrix":[1,0,0,0,0,0.9492,0.3146,0,0,-0.3146,0.9492,0,0,0.1583,0,1],"rest":[1,0,0,0,0,0.9492,0.3146,0,0,-0.3146,0.9492,0,0,0.1583,0,1],"parentBoneIndex":6,"length":0.1283
,"animation":{"dataType":3,"framePerSecond":24,"keys":[
{"frame":0,"values":[1,0,0,0,0,0.9492,0.3146,0,0,-0.3146,0.9492,0,0,0.1583,0,1]},
{"frame":10,"values":[1,0,0,0,0,0.9492,0.3146,0,0,-0.3146,0.9492,0,0,0.1583,0,1]},
{"frame":20,"values":[1,0,0,0,0,0.9492,0.3146,0,0,-0.3146,0.9492,0,0,0.1583,0,1]},
{"frame":21,"values":[1,0,0,0,0,0.9492,0.3146,0,0,-0.3146,0.9492,0,0,0.1583,0,1]},
{"frame":30,"values":[1,0,0,0,0,0.9492,0.3146,0,0,-0.3146,0.9492,0,0,0.1583,0,1]},
{"frame":40,"values":[1,0,0,0,0,0.9492,0.3146,0,0,-0.3146,0.9492,0,0,0.1583,0,1]},
{"frame":50,"values":[1,0,0,0,0,0.9492,0.3146,0,0,-0.3146,0.9492,0,0,0.1583,0,1]},
{"frame":60,"values":[1,0,0,0,0,0.9492,0.3146,0,0,-0.3146,0.9492,0,0,0.1583,0,1]}],"loopBehavior":1,"name":"anim","property":"_matrix"}},
{"name":"head","index":8,"matrix":[1,0,0,0,0,0.9596,-0.2814,0,0,0.2814,0.9596,0,0,0.1283,0,1],"rest":[1,0,0,0,0,0.9596,-0.2814,0,0,0.2814,0.9596,0,0,0.1283,0,1],"parentBoneIndex":7,"length":0.1534
,"animation":{"dataType":3,"framePerSecond":24,"keys":[
{"frame":0,"values":[1,0,0,0,0,0.9596,-0.2814,0,0,0.2814,0.9596,0,0,0.1283,0,1]},
{"frame":10,"values":[1,0,0,0,0,0.9596,-0.2814,0,0,0.2814,0.9596,0,0,0.1283,0,1]},
{"frame":20,"values":[1,0,0,0,0,0.9596,-0.2814,0,0,0.2814,0.9596,0,0,0.1283,0,1]},
{"frame":21,"values":[1,0,0,0,0,0.9596,-0.2814,0,0,0.2814,0.9596,0,0,0.1283,0,1]},
{"frame":30,"values":[1,0,0,0,0,0.9596,-0.2814,0,0,0.2814,0.9596,0,0,0.1283,0,1]},
{"frame":40,"values":[1,0,0,0,0,0.9596,-0.2814,0,0,0.2814,0.9596,0,0,0.1283,0,1]},
{"frame":50,"values":[1,0,0,0,0,0.9596,-0.2814,0,0,0.2814,0.9596,0,0,0.1283,0,1]},
{"frame":60,"values":[1,0,0,0,0,0.9596,-0.2814,0,0,0.2814,0.9596,0,0,0.1283,0,1]}],"loopBehavior":1,"name":"anim","property":"_matrix"}},
{"name":"shoulder.L","index":9,"matrix":[0.5071,-0.03,0.8614,0,0.8619,0.017,-0.5068,0,0.0005,0.9994,0.0345,0,0.0183,0.1025,0.0779,1],"rest":[0.5071,-0.03,0.8614,0,0.8619,0.017,-0.5068,0,0.0005,0.9994,0.0345,0,0.0183,0.1025,0.0779,1],"parentBoneIndex":6,"length":0.1753
,"animation":{"dataType":3,"framePerSecond":24,"keys":[
{"frame":0,"values":[0.5071,-0.03,0.8614,0,0.8619,0.017,-0.5068,0,0.0005,0.9994,0.0345,0,0.0183,0.1025,0.0779,1]},
{"frame":10,"values":[0.5071,-0.03,0.8614,0,0.8619,0.017,-0.5068,0,0.0005,0.9994,0.0345,0,0.0183,0.1025,0.0779,1]},
{"frame":20,"values":[0.5071,-0.03,0.8614,0,0.8619,0.017,-0.5068,0,0.0005,0.9994,0.0345,0,0.0183,0.1025,0.0779,1]},
{"frame":21,"values":[0.5071,-0.03,0.8614,0,0.8619,0.017,-0.5068,0,0.0005,0.9994,0.0345,0,0.0183,0.1025,0.0779,1]},
{"frame":30,"values":[0.5071,-0.03,0.8614,0,0.8619,0.017,-0.5068,0,0.0005,0.9994,0.0345,0,0.0183,0.1025,0.0779,1]},
{"frame":40,"values":[0.5071,-0.03,0.8614,0,0.8619,0.017,-0.5068,0,0.0005,0.9994,0.0345,0,0.0183,0.1025,0.0779,1]},
{"frame":50,"values":[0.5071,-0.03,0.8614,0,0.8619,0.017,-0.5068,0,0.0005,0.9994,0.0345,0,0.0183,0.1025,0.0779,1]},
{"frame":60,"values":[0.5071,-0.03,0.8614,0,0.8619,0.017,-0.5068,0,0.0005,0.9994,0.0345,0,0.0183,0.1025,0.0779,1]}],"loopBehavior":1,"name":"anim","property":"_matrix"}},
{"name":"shoulder.R","index":10,"matrix":[0.5071,0.03,-0.8614,0,-0.8619,0.017,-0.5068,0,-0.0005,0.9994,0.0345,0,-0.0183,0.1025,0.0779,1],"rest":[0.5071,0.03,-0.8614,0,-0.8619,0.017,-0.5068,0,-0.0005,0.9994,0.0345,0,-0.0183,0.1025,0.0779,1],"parentBoneIndex":6,"length":0.1753
,"animation":{"dataType":3,"framePerSecond":24,"keys":[
{"frame":0,"values":[0.5071,0.03,-0.8614,0,-0.8619,0.017,-0.5068,0,-0.0005,0.9994,0.0345,0,-0.0183,0.1025,0.0779,1]},
{"frame":10,"values":[0.5071,0.03,-0.8614,0,-0.8619,0.017,-0.5068,0,-0.0005,0.9994,0.0345,0,-0.0183,0.1025,0.0779,1]},
{"frame":20,"values":[0.5071,0.03,-0.8614,0,-0.8619,0.017,-0.5068,0,-0.0005,0.9994,0.0345,0,-0.0183,0.1025,0.0779,1]},
{"frame":21,"values":[0.5071,0.03,-0.8614,0,-0.8619,0.017,-0.5068,0,-0.0005,0.9994,0.0345,0,-0.0183,0.1025,0.0779,1]},
{"frame":30,"values":[0.5071,0.03,-0.8614,0,-0.8619,0.017,-0.5068,0,-0.0005,0.9994,0.0345,0,-0.0183,0.1025,0.0779,1]},
{"frame":40,"values":[0.5071,0.03,-0.8614,0,-0.8619,0.017,-0.5068,0,-0.0005,0.9994,0.0345,0,-0.0183,0.1025,0.0779,1]},
{"frame":50,"values":[0.5071,0.03,-0.8614,0,-0.8619,0.017,-0.5068,0,-0.0005,0.9994,0.0345,0,-0.0183,0.1025,0.0779,1]},
{"frame":60,"values":[0.5071,0.03,-0.8614,0,-0.8619,0.017,-0.5068,0,-0.0005,0.9994,0.0345,0,-0.0183,0.1025,0.0779,1]}],"loopBehavior":1,"name":"anim","property":"_matrix"}},
{"name":"shin.L.ik","index":11,"matrix":[0,0,1,0,1,0,0,0,0,1,0,0,0.5372,0.2986,0.098,1],"rest":[0,0,1,0,1,0,0,0,0,1,0,0,0.5372,0.2986,0.098,1],"parentBoneIndex":0,"length":0.1
,"animation":{"dataType":3,"framePerSecond":24,"keys":[
{"frame":0,"values":[0,0,1,0,1,0,0,0,0,1,0,0,0.5372,0.2986,0.098,1]},
{"frame":10,"values":[0,0,1,0,1,0,0,0,0,1,0,0,0.5372,0.2986,0.098,1]},
{"frame":20,"values":[0,0,1,0,1,0,0,0,0,1,0,0,0.5372,0.2986,0.098,1]},
{"frame":21,"values":[0,0,1,0,1,0,0,0,0,1,0,0,0.5372,0.2986,0.098,1]},
{"frame":30,"values":[0,0,1,0,1,0,0,0,0,1,0,0,0.5372,0.2986,0.098,1]},
{"frame":40,"values":[0,0,1,0,1,0,0,0,0,1,0,0,0.5372,0.2986,0.098,1]},
{"frame":50,"values":[0,0,1,0,1,0,0,0,0,1,0,0,0.5372,0.2986,0.098,1]},
{"frame":60,"values":[0,0,1,0,1,0,0,0,0,1,0,0,0.5372,0.2986,0.098,1]}],"loopBehavior":1,"name":"anim","property":"_matrix"}},
{"name":"shin.R.ik","index":12,"matrix":[0,0,1,0,1,0,0,0,0,1,0,0,0.5372,0.2986,-0.098,1],"rest":[0,0,1,0,1,0,0,0,0,1,0,0,0.5372,0.2986,-0.098,1],"parentBoneIndex":0,"length":0.1
,"animation":{"dataType":3,"framePerSecond":24,"keys":[
{"frame":0,"values":[0,0,1,0,1,0,0,0,0,1,0,0,0.5372,0.2986,-0.098,1]},
{"frame":10,"values":[0,0,1,0,1,0,0,0,0,1,0,0,0.5372,0.2986,-0.098,1]},
{"frame":20,"values":[0,0,1,0,1,0,0,0,0,1,0,0,0.5372,0.2986,-0.098,1]},
{"frame":21,"values":[0,0,1,0,1,0,0,0,0,1,0,0,0.5372,0.2986,-0.098,1]},
{"frame":30,"values":[0,0,1,0,1,0,0,0,0,1,0,0,0.5372,0.2986,-0.098,1]},
{"frame":40,"values":[0,0,1,0,1,0,0,0,0,1,0,0,0.5372,0.2986,-0.098,1]},
{"frame":50,"values":[0,0,1,0,1,0,0,0,0,1,0,0,0.5372,0.2986,-0.098,1]},
{"frame":60,"values":[0,0,1,0,1,0,0,0,0,1,0,0,0.5372,0.2986,-0.098,1]}],"loopBehavior":1,"name":"anim","property":"_matrix"}},
{"name":"forearm.L.ik","index":13,"matrix":[0,0,1,0,1,0,0,0,0,1,0,0,1.4491,-0.3885,0.4424,1],"rest":[0,0,1,0,1,0,0,0,0,1,0,0,1.4491,-0.3885,0.4424,1],"parentBoneIndex":0,"length":0.1
,"animation":{"dataType":3,"framePerSecond":24,"keys":[
{"frame":0,"values":[0,0,1,0,1,0,0,0,0,1,0,0,1.4491,-0.3885,0.4424,1]},
{"frame":10,"values":[0,0,1,0,1,0,0,0,0,1,0,0,1.4491,-0.3885,0.4424,1]},
{"frame":20,"values":[0,0,1,0,1,0,0,0,0,1,0,0,1.4491,-0.3885,0.4424,1]},
{"frame":21,"values":[0,0,1,0,1,0,0,0,0,1,0,0,1.4491,-0.3885,0.4424,1]},
{"frame":30,"values":[0,0,1,0,1,0,0,0,0,1,0,0,1.4491,-0.3885,0.4424,1]},
{"frame":40,"values":[0,0,1,0,1,0,0,0,0,1,0,0,1.4491,-0.3885,0.4424,1]},
{"frame":50,"values":[0,0,1,0,1,0,0,0,0,1,0,0,1.4491,-0.3885,0.4424,1]},
{"frame":60,"values":[0,0,1,0,1,0,0,0,0,1,0,0,1.4491,-0.3885,0.4424,1]}],"loopBehavior":1,"name":"anim","property":"_matrix"}},
{"name":"upper_arm.L","index":14,"matrix":[-0.8768,-0.4293,-0.2167,0,0.062,0.346,-0.9362,0,0.4769,-0.8342,-0.2768,0,0.0078,0.2008,-0.0204,1],"rest":[-0.2407,-0.415,-0.8774,0,0.2497,0.8471,-0.4692,0,0.9379,-0.332,-0.1002,0,0.0078,0.2008,-0.0204,1],"parentBoneIndex":9,"length":0.2885
,"animation":{"dataType":3,"framePerSecond":24,"keys":[
{"frame":0,"values":[-0.8768,-0.4293,-0.2167,0,0.062,0.346,-0.9362,0,0.4769,-0.8342,-0.2768,0,0.0078,0.2008,-0.0204,1]},
{"frame":1,"values":[-0.8768,-0.4286,-0.2181,0,0.0612,0.3505,-0.9346,0,0.477,-0.8327,-0.2811,0,0.0078,0.2008,-0.0204,1]},
{"frame":2,"values":[-0.8767,-0.4268,-0.222,0,0.0589,0.3628,-0.93,0,0.4774,-0.8284,-0.2929,0,0.0078,0.2008,-0.0204,1]},
{"frame":3,"values":[-0.8766,-0.4244,-0.2269,0,0.0562,0.378,-0.9241,0,0.4779,-0.8228,-0.3075,0,0.0078,0.2008,-0.0204,1]},
{"frame":4,"values":[-0.8766,-0.4225,-0.2306,0,0.0542,0.3893,-0.9195,0,0.4782,-0.8185,-0.3184,0,0.0078,0.2008,-0.0204,1]},
{"frame":5,"values":[-0.8765,-0.4218,-0.2319,0,0.0535,0.3933,-0.9179,0,0.4783,-0.817,-0.3221,0,0.0078,0.2008,-0.0204,1]},
{"frame":6,"values":[-0.8766,-0.4225,-0.2306,0,0.0542,0.3893,-0.9195,0,0.4782,-0.8185,-0.3184,0,0.0078,0.2008,-0.0204,1]},
{"frame":7,"values":[-0.8766,-0.4244,-0.2269,0,0.0562,0.378,-0.9241,0,0.4779,-0.8228,-0.3075,0,0.0078,0.2008,-0.0204,1]},
{"frame":8,"values":[-0.8767,-0.4268,-0.222,0,0.0589,0.3628,-0.93,0,0.4774,-0.8284,-0.2929,0,0.0078,0.2008,-0.0204,1]},
{"frame":9,"values":[-0.8768,-0.4286,-0.2181,0,0.0612,0.3505,-0.9346,0,0.477,-0.8327,-0.2811,0,0.0078,0.2008,-0.0204,1]},
{"frame":10,"values":[-0.8768,-0.4293,-0.2167,0,0.062,0.346,-0.9362,0,0.4769,-0.8342,-0.2768,0,0.0078,0.2008,-0.0204,1]},
{"frame":20,"values":[-0.2799,-0.3933,-0.8758,0,0.2534,0.8496,-0.4626,0,0.926,-0.3514,-0.1381,0,0.0078,0.2008,-0.0204,1]},
{"frame":21,"values":[-0.2799,-0.3933,-0.8758,0,0.2534,0.8496,-0.4626,0,0.926,-0.3514,-0.1381,0,0.0078,0.2008,-0.0204,1]},
{"frame":30,"values":[-0.8768,-0.4293,-0.2167,0,0.062,0.346,-0.9362,0,0.4769,-0.8342,-0.2768,0,0.0078,0.2008,-0.0204,1]},
{"frame":31,"values":[-0.8919,-0.3977,-0.2151,0,0.0493,0.3872,-0.9207,0,0.4495,-0.8318,-0.3258,0,0.0078,0.2008,-0.0204,1]},
{"frame":32,"values":[-0.9378,-0.2894,-0.1916,0,0.0243,0.496,-0.868,0,0.3463,-0.8187,-0.4581,0,0.0078,0.2008,-0.0204,1]},
{"frame":33,"values":[-0.9902,-0.0952,-0.1017,0,0.0218,0.6152,-0.7881,0,0.1376,-0.7826,-0.6071,0,0.0078,0.2008,-0.0204,1]},
{"frame":34,"values":[-0.9934,0.1083,0.0387,0,0.0461,0.6835,-0.7284,0,-0.1053,-0.7218,-0.684,0,0.0078,0.2008,-0.0204,1]},
{"frame":35,"values":[-0.9762,0.1894,0.106,0,0.0587,0.7007,-0.711,0,-0.209,-0.6878,-0.6951,0,0.0078,0.2008,-0.0204,1]},
{"frame":36,"values":[-0.9934,0.1083,0.0387,0,0.0461,0.6835,-0.7284,0,-0.1053,-0.7218,-0.684,0,0.0078,0.2008,-0.0204,1]},
{"frame":37,"values":[-0.9902,-0.0952,-0.1017,0,0.0218,0.6152,-0.7881,0,0.1376,-0.7826,-0.6071,0,0.0078,0.2008,-0.0204,1]},
{"frame":38,"values":[-0.9378,-0.2894,-0.1916,0,0.0243,0.496,-0.868,0,0.3463,-0.8187,-0.4581,0,0.0078,0.2008,-0.0204,1]},
{"frame":39,"values":[-0.8919,-0.3977,-0.2151,0,0.0493,0.3872,-0.9207,0,0.4495,-0.8318,-0.3258,0,0.0078,0.2008,-0.0204,1]},
{"frame":40,"values":[-0.8768,-0.4293,-0.2167,0,0.062,0.346,-0.9362,0,0.4769,-0.8342,-0.2768,0,0.0078,0.2008,-0.0204,1]},
{"frame":50,"values":[-0.8768,-0.4293,-0.2167,0,0.062,0.346,-0.9362,0,0.4769,-0.8342,-0.2768,0,0.0078,0.2008,-0.0204,1]},
{"frame":51,"values":[-0.8768,-0.4286,-0.2181,0,0.0612,0.3505,-0.9346,0,0.477,-0.8327,-0.2811,0,0.0078,0.2008,-0.0204,1]},
{"frame":52,"values":[-0.8767,-0.4268,-0.222,0,0.0589,0.3628,-0.93,0,0.4774,-0.8284,-0.2929,0,0.0078,0.2008,-0.0204,1]},
{"frame":53,"values":[-0.8766,-0.4244,-0.2269,0,0.0562,0.378,-0.9241,0,0.4779,-0.8228,-0.3075,0,0.0078,0.2008,-0.0204,1]},
{"frame":54,"values":[-0.8766,-0.4225,-0.2306,0,0.0542,0.3893,-0.9195,0,0.4782,-0.8185,-0.3184,0,0.0078,0.2008,-0.0204,1]},
{"frame":55,"values":[-0.8765,-0.4218,-0.2319,0,0.0535,0.3933,-0.9179,0,0.4783,-0.817,-0.3221,0,0.0078,0.2008,-0.0204,1]},
{"frame":56,"values":[-0.8766,-0.4225,-0.2306,0,0.0542,0.3893,-0.9195,0,0.4782,-0.8185,-0.3184,0,0.0078,0.2008,-0.0204,1]},
{"frame":57,"values":[-0.8766,-0.4244,-0.2269,0,0.0562,0.378,-0.9241,0,0.4779,-0.8228,-0.3075,0,0.0078,0.2008,-0.0204,1]},
{"frame":58,"values":[-0.8767,-0.4268,-0.222,0,0.0589,0.3628,-0.93,0,0.4774,-0.8284,-0.2929,0,0.0078,0.2008,-0.0204,1]},
{"frame":59,"values":[-0.8768,-0.4286,-0.2181,0,0.0612,0.3505,-0.9346,0,0.477,-0.8327,-0.2811,0,0.0078,0.2008,-0.0204,1]},
{"frame":60,"values":[-0.8768,-0.4293,-0.2167,0,0.062,0.346,-0.9362,0,0.4769,-0.8342,-0.2768,0,0.0078,0.2008,-0.0204,1]}],"loopBehavior":1,"name":"anim","property":"_matrix"}},
{"name":"forearm.L","index":15,"matrix":[0.9822,-0.1716,-0.0767,0,0.1704,0.641,0.7484,0,-0.0793,-0.7481,0.6588,0,0,0.2885,0,1],"rest":[0.9966,-0.0818,-0.0136,0,0.0813,0.9306,0.3569,0,-0.0166,-0.3568,0.934,0,0,0.2885,0,1],"parentBoneIndex":14,"length":0.2628
,"animation":{"dataType":3,"framePerSecond":24,"keys":[
{"frame":0,"values":[0.9822,-0.1716,-0.0767,0,0.1704,0.641,0.7484,0,-0.0793,-0.7481,0.6588,0,0,0.2885,0,1]},
{"frame":1,"values":[0.9818,-0.1731,-0.0785,0,0.1719,0.6327,0.755,0,-0.081,-0.7548,0.651,0,0,0.2885,0,1]},
{"frame":2,"values":[0.9806,-0.1772,-0.0835,0,0.176,0.6097,0.7729,0,-0.086,-0.7726,0.629,0,0,0.2885,0,1]},
{"frame":3,"values":[0.9792,-0.182,-0.0899,0,0.1808,0.5803,0.7941,0,-0.0924,-0.7938,0.6011,0,0,0.2885,0,1]},
{"frame":4,"values":[0.978,-0.1855,-0.0948,0,0.1843,0.5576,0.8094,0,-0.0973,-0.8091,0.5796,0,0,0.2885,0,1]},
{"frame":5,"values":[0.9777,-0.1867,-0.0966,0,0.1855,0.5496,0.8146,0,-0.099,-0.8143,0.572,0,0,0.2885,0,1]},
{"frame":6,"values":[0.978,-0.1855,-0.0948,0,0.1843,0.5576,0.8094,0,-0.0973,-0.8091,0.5796,0,0,0.2885,0,1]},
{"frame":7,"values":[0.9792,-0.182,-0.0899,0,0.1808,0.5803,0.7941,0,-0.0924,-0.7938,0.6011,0,0,0.2885,0,1]},
{"frame":8,"values":[0.9806,-0.1772,-0.0835,0,0.176,0.6097,0.7729,0,-0.086,-0.7726,0.629,0,0,0.2885,0,1]},
{"frame":9,"values":[0.9818,-0.1731,-0.0785,0,0.1719,0.6327,0.755,0,-0.081,-0.7548,0.651,0,0,0.2885,0,1]},
{"frame":10,"values":[0.9822,-0.1716,-0.0767,0,0.1704,0.641,0.7484,0,-0.0793,-0.7481,0.6588,0,0,0.2885,0,1]},
{"frame":20,"values":[0.9966,-0.0818,-0.0136,0,0.0813,0.9306,0.3569,0,-0.0166,-0.3568,0.934,0,0,0.2885,0,1]},
{"frame":21,"values":[0.9966,-0.0818,-0.0136,0,0.0813,0.9306,0.3569,0,-0.0166,-0.3568,0.934,0,0,0.2885,0,1]},
{"frame":30,"values":[0.9822,-0.1716,-0.0767,0,0.1704,0.641,0.7484,0,-0.0793,-0.7481,0.6588,0,0,0.2885,0,1]},
{"frame":31,"values":[0.9824,-0.1708,-0.0757,0,0.1696,0.6453,0.7449,0,-0.0783,-0.7446,0.6629,0,0,0.2885,0,1]},
{"frame":32,"values":[0.9831,-0.1679,-0.0725,0,0.1667,0.6602,0.7323,0,-0.0751,-0.7321,0.6771,0,0,0.2885,0,1]},
{"frame":33,"values":[0.9844,-0.1628,-0.0671,0,0.1617,0.6851,0.7103,0,-0.0697,-0.71,0.7007,0,0,0.2885,0,1]},
{"frame":34,"values":[0.9856,-0.1575,-0.0617,0,0.1564,0.7096,0.687,0,-0.0644,-0.6868,0.724,0,0,0.2885,0,1]},
{"frame":35,"values":[0.9861,-0.1552,-0.0595,0,0.1541,0.7198,0.6769,0,-0.0622,-0.6766,0.7337,0,0,0.2885,0,1]},
{"frame":36,"values":[0.9856,-0.1575,-0.0617,0,0.1564,0.7096,0.687,0,-0.0644,-0.6868,0.724,0,0,0.2885,0,1]},
{"frame":37,"values":[0.9844,-0.1628,-0.0671,0,0.1617,0.6851,0.7103,0,-0.0697,-0.71,0.7007,0,0,0.2885,0,1]},
{"frame":38,"values":[0.9831,-0.1679,-0.0725,0,0.1667,0.6602,0.7323,0,-0.0751,-0.7321,0.6771,0,0,0.2885,0,1]},
{"frame":39,"values":[0.9824,-0.1708,-0.0757,0,0.1696,0.6453,0.7449,0,-0.0783,-0.7446,0.6629,0,0,0.2885,0,1]},
{"frame":40,"values":[0.9822,-0.1716,-0.0767,0,0.1704,0.641,0.7484,0,-0.0793,-0.7481,0.6588,0,0,0.2885,0,1]},
{"frame":50,"values":[0.9822,-0.1716,-0.0767,0,0.1704,0.641,0.7484,0,-0.0793,-0.7481,0.6588,0,0,0.2885,0,1]},
{"frame":51,"values":[0.9818,-0.1731,-0.0785,0,0.1719,0.6327,0.755,0,-0.081,-0.7548,0.651,0,0,0.2885,0,1]},
{"frame":52,"values":[0.9806,-0.1772,-0.0835,0,0.176,0.6097,0.7729,0,-0.086,-0.7726,0.629,0,0,0.2885,0,1]},
{"frame":53,"values":[0.9792,-0.182,-0.0899,0,0.1808,0.5803,0.7941,0,-0.0924,-0.7938,0.6011,0,0,0.2885,0,1]},
{"frame":54,"values":[0.978,-0.1855,-0.0948,0,0.1843,0.5576,0.8094,0,-0.0973,-0.8091,0.5796,0,0,0.2885,0,1]},
{"frame":55,"values":[0.9777,-0.1867,-0.0966,0,0.1855,0.5496,0.8146,0,-0.099,-0.8143,0.572,0,0,0.2885,0,1]},
{"frame":56,"values":[0.978,-0.1855,-0.0948,0,0.1843,0.5576,0.8094,0,-0.0973,-0.8091,0.5796,0,0,0.2885,0,1]},
{"frame":57,"values":[0.9792,-0.182,-0.0899,0,0.1808,0.5803,0.7941,0,-0.0924,-0.7938,0.6011,0,0,0.2885,0,1]},
{"frame":58,"values":[0.9806,-0.1772,-0.0835,0,0.176,0.6097,0.7729,0,-0.086,-0.7726,0.629,0,0,0.2885,0,1]},
{"frame":59,"values":[0.9818,-0.1731,-0.0785,0,0.1719,0.6327,0.755,0,-0.081,-0.7548,0.651,0,0,0.2885,0,1]},
{"frame":60,"values":[0.9822,-0.1716,-0.0767,0,0.1704,0.641,0.7484,0,-0.0793,-0.7481,0.6588,0,0,0.2885,0,1]}],"loopBehavior":1,"name":"anim","property":"_matrix"}},
{"name":"hand.L","index":16,"matrix":[0.4908,0.0949,-0.8661,0,-0.2332,0.9721,-0.0256,0,0.8395,0.2146,0.4993,0,0,0.2628,0,1],"rest":[-0.0094,-0.0498,-0.9987,0,0.0561,0.9972,-0.0503,0,0.9984,-0.0565,-0.0066,0,0,0.2628,0,1],"parentBoneIndex":15,"length":0.0802
,"animation":{"dataType":3,"framePerSecond":24,"keys":[
{"frame":0,"values":[0.4908,0.0949,-0.8661,0,-0.2332,0.9721,-0.0256,0,0.8395,0.2146,0.4993,0,0,0.2628,0,1]},
{"frame":1,"values":[0.4911,0.0905,-0.8664,0,-0.2343,0.9717,-0.0313,0,0.839,0.2184,0.4984,0,0,0.2628,0,1]},
{"frame":2,"values":[0.492,0.0782,-0.8671,0,-0.2373,0.9703,-0.0471,0,0.8376,0.2289,0.496,0,0,0.2628,0,1]},
{"frame":3,"values":[0.4933,0.0629,-0.8676,0,-0.2409,0.9683,-0.0667,0,0.8359,0.2419,0.4928,0,0,0.2628,0,1]},
{"frame":4,"values":[0.4943,0.0514,-0.8678,0,-0.2436,0.9664,-0.0815,0,0.8345,0.2517,0.4902,0,0,0.2628,0,1]},
{"frame":5,"values":[0.4947,0.0473,-0.8678,0,-0.2445,0.9658,-0.0867,0,0.834,0.2551,0.4893,0,0,0.2628,0,1]},
{"frame":6,"values":[0.4943,0.0514,-0.8678,0,-0.2436,0.9664,-0.0815,0,0.8345,0.2517,0.4902,0,0,0.2628,0,1]},
{"frame":7,"values":[0.4933,0.0629,-0.8676,0,-0.2409,0.9683,-0.0667,0,0.8359,0.2419,0.4928,0,0,0.2628,0,1]},
{"frame":8,"values":[0.492,0.0782,-0.8671,0,-0.2373,0.9703,-0.0471,0,0.8376,0.2289,0.496,0,0,0.2628,0,1]},
{"frame":9,"values":[0.4911,0.0905,-0.8664,0,-0.2343,0.9717,-0.0313,0,0.839,0.2184,0.4984,0,0,0.2628,0,1]},
{"frame":10,"values":[0.4908,0.0949,-0.8661,0,-0.2332,0.9721,-0.0256,0,0.8395,0.2146,0.4993,0,0,0.2628,0,1]},
{"frame":20,"values":[0.035,-0.0478,-0.9982,0,0.0497,0.9977,-0.046,0,0.9981,-0.048,0.0373,0,0,0.2628,0,1]},
{"frame":21,"values":[0.035,-0.0478,-0.9982,0,0.0497,0.9977,-0.046,0,0.9981,-0.048,0.0373,0,0,0.2628,0,1]},
{"frame":30,"values":[0.4908,0.0949,-0.8661,0,-0.2332,0.9721,-0.0256,0,0.8395,0.2146,0.4993,0,0,0.2628,0,1]},
{"frame":31,"values":[0.515,0.125,-0.848,0,-0.2337,0.9723,0.0014,0,0.8247,0.1975,0.5299,0,0,0.2628,0,1]},
{"frame":32,"values":[0.5888,0.2151,-0.7791,0,-0.2499,0.9652,0.0776,0,0.7686,0.149,0.6221,0,0,0.2628,0,1]},
{"frame":33,"values":[0.6922,0.3488,-0.6318,0,-0.3182,0.9333,0.1666,0,0.6477,0.0857,0.757,0,0,0.2628,0,1]},
{"frame":34,"values":[0.7604,0.4724,-0.4457,0,-0.4245,0.8809,0.2095,0,0.4916,0.0299,0.8703,0,0,0.2628,0,1]},
{"frame":35,"values":[0.7741,0.5198,-0.3614,0,-0.4741,0.8542,0.2134,0,0.4197,0.0061,0.9077,0,0,0.2628,0,1]},
{"frame":36,"values":[0.7604,0.4724,-0.4457,0,-0.4245,0.8809,0.2095,0,0.4916,0.0299,0.8703,0,0,0.2628,0,1]},
{"frame":37,"values":[0.6922,0.3488,-0.6318,0,-0.3182,0.9333,0.1666,0,0.6477,0.0857,0.757,0,0,0.2628,0,1]},
{"frame":38,"values":[0.5888,0.2151,-0.7791,0,-0.2499,0.9652,0.0776,0,0.7686,0.149,0.6221,0,0,0.2628,0,1]},
{"frame":39,"values":[0.515,0.125,-0.848,0,-0.2337,0.9723,0.0014,0,0.8247,0.1975,0.5299,0,0,0.2628,0,1]},
{"frame":40,"values":[0.4908,0.0949,-0.8661,0,-0.2332,0.9721,-0.0256,0,0.8395,0.2146,0.4993,0,0,0.2628,0,1]},
{"frame":50,"values":[0.4908,0.0949,-0.8661,0,-0.2332,0.9721,-0.0256,0,0.8395,0.2146,0.4993,0,0,0.2628,0,1]},
{"frame":51,"values":[0.4911,0.0905,-0.8664,0,-0.2343,0.9717,-0.0313,0,0.839,0.2184,0.4984,0,0,0.2628,0,1]},
{"frame":52,"values":[0.492,0.0782,-0.8671,0,-0.2373,0.9703,-0.0471,0,0.8376,0.2289,0.496,0,0,0.2628,0,1]},
{"frame":53,"values":[0.4933,0.0629,-0.8676,0,-0.2409,0.9683,-0.0667,0,0.8359,0.2419,0.4928,0,0,0.2628,0,1]},
{"frame":54,"values":[0.4943,0.0514,-0.8678,0,-0.2436,0.9664,-0.0815,0,0.8345,0.2517,0.4902,0,0,0.2628,0,1]},
{"frame":55,"values":[0.4947,0.0473,-0.8678,0,-0.2445,0.9658,-0.0867,0,0.834,0.2551,0.4893,0,0,0.2628,0,1]},
{"frame":56,"values":[0.4943,0.0514,-0.8678,0,-0.2436,0.9664,-0.0815,0,0.8345,0.2517,0.4902,0,0,0.2628,0,1]},
{"frame":57,"values":[0.4933,0.0629,-0.8676,0,-0.2409,0.9683,-0.0667,0,0.8359,0.2419,0.4928,0,0,0.2628,0,1]},
{"frame":58,"values":[0.492,0.0782,-0.8671,0,-0.2373,0.9703,-0.0471,0,0.8376,0.2289,0.496,0,0,0.2628,0,1]},
{"frame":59,"values":[0.4911,0.0905,-0.8664,0,-0.2343,0.9717,-0.0313,0,0.839,0.2184,0.4984,0,0,0.2628,0,1]},
{"frame":60,"values":[0.4908,0.0949,-0.8661,0,-0.2332,0.9721,-0.0256,0,0.8395,0.2146,0.4993,0,0,0.2628,0,1]}],"loopBehavior":1,"name":"anim","property":"_matrix"}},
{"name":"thumb.01.L","index":17,"matrix":[-0.1897,0.3767,-0.9067,0,-0.4007,0.8134,0.4217,0,0.8964,0.4433,-0.0034,0,-0.025,0.0308,0.0191,1],"rest":[-0.1897,0.3767,-0.9067,0,-0.4007,0.8134,0.4217,0,0.8964,0.4433,-0.0034,0,-0.025,0.0308,0.0191,1],"parentBoneIndex":16,"length":0.0417
,"animation":{"dataType":3,"framePerSecond":24,"keys":[
{"frame":0,"values":[-0.1897,0.3767,-0.9067,0,-0.4007,0.8134,0.4217,0,0.8964,0.4433,-0.0034,0,-0.025,0.0308,0.0191,1]},
{"frame":10,"values":[-0.1897,0.3767,-0.9067,0,-0.4007,0.8134,0.4217,0,0.8964,0.4433,-0.0034,0,-0.025,0.0308,0.0191,1]},
{"frame":20,"values":[-0.1897,0.3767,-0.9067,0,-0.4007,0.8134,0.4217,0,0.8964,0.4433,-0.0034,0,-0.025,0.0308,0.0191,1]},
{"frame":21,"values":[-0.1897,0.3767,-0.9067,0,-0.4007,0.8134,0.4217,0,0.8964,0.4433,-0.0034,0,-0.025,0.0308,0.0191,1]},
{"frame":30,"values":[-0.1897,0.3767,-0.9067,0,-0.4007,0.8134,0.4217,0,0.8964,0.4433,-0.0034,0,-0.025,0.0308,0.0191,1]},
{"frame":40,"values":[-0.1897,0.3767,-0.9067,0,-0.4007,0.8134,0.4217,0,0.8964,0.4433,-0.0034,0,-0.025,0.0308,0.0191,1]},
{"frame":50,"values":[-0.1897,0.3767,-0.9067,0,-0.4007,0.8134,0.4217,0,0.8964,0.4433,-0.0034,0,-0.025,0.0308,0.0191,1]},
{"frame":60,"values":[-0.1897,0.3767,-0.9067,0,-0.4007,0.8134,0.4217,0,0.8964,0.4433,-0.0034,0,-0.025,0.0308,0.0191,1]}],"loopBehavior":1,"name":"anim","property":"_matrix"}},
{"name":"thumb.02.L","index":18,"matrix":[0.9891,-0.1466,-0.0114,0,0.1428,0.9388,0.3133,0,-0.0352,-0.3116,0.9496,0,0,0.0417,0,1],"rest":[0.9891,-0.1466,-0.0114,0,0.1428,0.9388,0.3133,0,-0.0352,-0.3116,0.9496,0,0,0.0417,0,1],"parentBoneIndex":17,"length":0.0334
,"animation":{"dataType":3,"framePerSecond":24,"keys":[
{"frame":0,"values":[0.9891,-0.1466,-0.0114,0,0.1428,0.9388,0.3133,0,-0.0352,-0.3116,0.9496,0,0,0.0417,0,1]},
{"frame":10,"values":[0.9891,-0.1466,-0.0114,0,0.1428,0.9388,0.3133,0,-0.0352,-0.3116,0.9496,0,0,0.0417,0,1]},
{"frame":20,"values":[0.9891,-0.1466,-0.0114,0,0.1428,0.9388,0.3133,0,-0.0352,-0.3116,0.9496,0,0,0.0417,0,1]},
{"frame":21,"values":[0.9891,-0.1466,-0.0114,0,0.1428,0.9388,0.3133,0,-0.0352,-0.3116,0.9496,0,0,0.0417,0,1]},
{"frame":30,"values":[0.9891,-0.1466,-0.0114,0,0.1428,0.9388,0.3133,0,-0.0352,-0.3116,0.9496,0,0,0.0417,0,1]},
{"frame":40,"values":[0.9891,-0.1466,-0.0114,0,0.1428,0.9388,0.3133,0,-0.0352,-0.3116,0.9496,0,0,0.0417,0,1]},
{"frame":50,"values":[0.9891,-0.1466,-0.0114,0,0.1428,0.9388,0.3133,0,-0.0352,-0.3116,0.9496,0,0,0.0417,0,1]},
{"frame":60,"values":[0.9891,-0.1466,-0.0114,0,0.1428,0.9388,0.3133,0,-0.0352,-0.3116,0.9496,0,0,0.0417,0,1]}],"loopBehavior":1,"name":"anim","property":"_matrix"}},
{"name":"thumb.03.L","index":19,"matrix":[0.9966,-0.0822,-0.0054,0,0.0824,0.9961,0.0325,0,0.0028,-0.0328,0.9995,0,0,0.0334,0,1],"rest":[0.9966,-0.0822,-0.0054,0,0.0824,0.9961,0.0325,0,0.0028,-0.0328,0.9995,0,0,0.0334,0,1],"parentBoneIndex":18,"length":0.0208
,"animation":{"dataType":3,"framePerSecond":24,"keys":[
{"frame":0,"values":[0.9966,-0.0822,-0.0054,0,0.0824,0.9961,0.0325,0,0.0028,-0.0328,0.9995,0,0,0.0334,0,1]},
{"frame":10,"values":[0.9966,-0.0822,-0.0054,0,0.0824,0.9961,0.0325,0,0.0028,-0.0328,0.9995,0,0,0.0334,0,1]},
{"frame":20,"values":[0.9966,-0.0822,-0.0054,0,0.0824,0.9961,0.0325,0,0.0028,-0.0328,0.9995,0,0,0.0334,0,1]},
{"frame":21,"values":[0.9966,-0.0822,-0.0054,0,0.0824,0.9961,0.0325,0,0.0028,-0.0328,0.9995,0,0,0.0334,0,1]},
{"frame":30,"values":[0.9966,-0.0822,-0.0054,0,0.0824,0.9961,0.0325,0,0.0028,-0.0328,0.9995,0,0,0.0334,0,1]},
{"frame":40,"values":[0.9966,-0.0822,-0.0054,0,0.0824,0.9961,0.0325,0,0.0028,-0.0328,0.9995,0,0,0.0334,0,1]},
{"frame":50,"values":[0.9966,-0.0822,-0.0054,0,0.0824,0.9961,0.0325,0,0.0028,-0.0328,0.9995,0,0,0.0334,0,1]},
{"frame":60,"values":[0.9966,-0.0822,-0.0054,0,0.0824,0.9961,0.0325,0,0.0028,-0.0328,0.9995,0,0,0.0334,0,1]}],"loopBehavior":1,"name":"anim","property":"_matrix"}},
{"name":"palm.02.L","index":20,"matrix":[0.9978,0.065,0.0084,0,-0.0649,0.9977,-0.0212,0,-0.0097,0.0206,0.9997,0,-0.0061,0.042,-0.0077,1],"rest":[0.9978,0.065,0.0084,0,-0.0649,0.9977,-0.0212,0,-0.0097,0.0206,0.9997,0,-0.0061,0.042,-0.0077,1],"parentBoneIndex":16,"length":0.0682
,"animation":{"dataType":3,"framePerSecond":24,"keys":[
{"frame":0,"values":[0.9978,0.065,0.0084,0,-0.0649,0.9977,-0.0212,0,-0.0097,0.0206,0.9997,0,-0.0061,0.042,-0.0077,1]},
{"frame":10,"values":[0.9978,0.065,0.0084,0,-0.0649,0.9977,-0.0212,0,-0.0097,0.0206,0.9997,0,-0.0061,0.042,-0.0077,1]},
{"frame":20,"values":[0.9978,0.065,0.0084,0,-0.0649,0.9977,-0.0212,0,-0.0097,0.0206,0.9997,0,-0.0061,0.042,-0.0077,1]},
{"frame":21,"values":[0.9978,0.065,0.0084,0,-0.0649,0.9977,-0.0212,0,-0.0097,0.0206,0.9997,0,-0.0061,0.042,-0.0077,1]},
{"frame":30,"values":[0.9978,0.065,0.0084,0,-0.0649,0.9977,-0.0212,0,-0.0097,0.0206,0.9997,0,-0.0061,0.042,-0.0077,1]},
{"frame":40,"values":[0.9978,0.065,0.0084,0,-0.0649,0.9977,-0.0212,0,-0.0097,0.0206,0.9997,0,-0.0061,0.042,-0.0077,1]},
{"frame":50,"values":[0.9978,0.065,0.0084,0,-0.0649,0.9977,-0.0212,0,-0.0097,0.0206,0.9997,0,-0.0061,0.042,-0.0077,1]},
{"frame":60,"values":[0.9978,0.065,0.0084,0,-0.0649,0.9977,-0.0212,0,-0.0097,0.0206,0.9997,0,-0.0061,0.042,-0.0077,1]}],"loopBehavior":1,"name":"anim","property":"_matrix"}},
{"name":"f_middle.01.L","index":21,"matrix":[0.9978,-0.052,-0.0414,0,0.0646,0.9054,0.4197,0,0.0157,-0.4214,0.9067,0,0,0.0682,0,1],"rest":[0.9978,-0.052,-0.0414,0,0.0646,0.9054,0.4197,0,0.0157,-0.4214,0.9067,0,0,0.0682,0,1],"parentBoneIndex":20,"length":0.0495
,"animation":{"dataType":3,"framePerSecond":24,"keys":[
{"frame":0,"values":[0.9978,-0.052,-0.0414,0,0.0646,0.9054,0.4197,0,0.0157,-0.4214,0.9067,0,0,0.0682,0,1]},
{"frame":10,"values":[0.9978,-0.052,-0.0414,0,0.0646,0.9054,0.4197,0,0.0157,-0.4214,0.9067,0,0,0.0682,0,1]},
{"frame":20,"values":[0.9978,-0.052,-0.0414,0,0.0646,0.9054,0.4197,0,0.0157,-0.4214,0.9067,0,0,0.0682,0,1]},
{"frame":21,"values":[0.9978,-0.052,-0.0414,0,0.0646,0.9054,0.4197,0,0.0157,-0.4214,0.9067,0,0,0.0682,0,1]},
{"frame":30,"values":[0.9978,-0.052,-0.0414,0,0.0646,0.9054,0.4197,0,0.0157,-0.4214,0.9067,0,0,0.0682,0,1]},
{"frame":40,"values":[0.9978,-0.052,-0.0414,0,0.0646,0.9054,0.4197,0,0.0157,-0.4214,0.9067,0,0,0.0682,0,1]},
{"frame":50,"values":[0.9978,-0.052,-0.0414,0,0.0646,0.9054,0.4197,0,0.0157,-0.4214,0.9067,0,0,0.0682,0,1]},
